145834
107064
143045
194023
188822
109235
157681
165315
152223
129635
197661
175413
176176
115799
166707
122659
188670
101757
119203
146828
181750
157907
190539
190797
190665
176332
116009
170467
194730
112086
100536
181542
175016
158569
123010
183686
140037
160891
127870
187373
153952
130744
161160
128744
191941
128755
108375
193281
175347
110668
166018
170149
192123
140784
195632
172461
134369
157348
113323
160192
191817
151583
188284
105764
143808
138459
190707
199488
154869
151029
117181
111735
162891
199280
110545
107880
169433
161672
121804
195893
175350
153112
153697
137477
137526
160697
191517
142081
136614
194518
129890
131286
185360
161473
108295
119453
135671
135807
111253
193975
101148
189635
155173
111255
189243
145243
105083
137006
188038
169158
130684
108072
167764
198608
177192
188399
174168
127976
177846
192980
197430
189521
116935
190159
193470
153771
188869
108811
179006
106019
101608
163714
188028
173727
158689
135156
192224
119013
144156
175954
138303
125963
192988
159503
119446
160332
191028
103013
122211
167129
132807
161712
162308
155540
152144
193264
192097
177634
143334
146127
146750
146586
172132
197569
194592
107660
139131
193432
169339
119310
174800
121050
108923
112976
131488
131861
135591
122609
154871
150873
136153
139873
134462
123421
113500
144383
197503
161164
165617
173723
111584
167504
134048
159229
139612
140561
137967
136168
172048
169538
138709
113900
171178
191436
105471
122592
190642
148709
140563
170890
194013
128697
118058
163706
191682
101274
194060
141626
172593
141168
165537
145041
125279
131499
177171
182153
185084
115006
194697
109718
191025
182365
114598
125330
152166
141591
190462
164271
117386
116719
129136
136962
113635
184373
153168
115629
176664
128280
165891
115758
193417
156078
191596
124411
113442
115307
186746
127873
139933
154997
174947
196363
103074
136944
116412
193283
165653
195290
117324
193132
186075
150352
170452
175721
154785
114388
123769
137826
107020
138676
104325
145576
120467
126909
149838
181546
155036
110768
145523
172013
177056
165308
146324
100660
168186
193607
145911
176623
166626
130310
154910
110245
155866
110516
136326
179487
177445
166245
176690
119707
197703
100143
188382
163520
152820
135389
133648
177128
108234
162523
199309
124912
151175
168790
161647
168530
108413
186723
125161
135596
185697
105223
181317
167721
173234
197129
196597
155267
101840
184078
133898
148472
101984
162004
117382
179560
114827
190831
141048
127323
131927
108469
149766
163374
132299
127785
140093
173072
186398
171563
183287
105216
102794
137407
197527
140935
148270
189928
125662
181463
179228
197891
100777
112982
151049
127253
197688
100863
189529
143339
148419
182868
152905
149888
121760
139077
125152
100677
107825
197130
158423
168366
116423
180654
174207
177990
185983
190951
121164
140374
141809
195564
107240
104035
133664
176032
101226
194975
138624
147052
184298
109361
175965
105643
135921
163612
128471
146961
166988
182214
112992
171089
112487
106767
108257
107952
191096
182443
124723
122566
121120
150035
116557
110621
180435
114330
132801
118519
149258
142734
105589
163476
193143
165175
175948
166142
145966
143722
159921
176106
165225
182676
163886
145579
161387
104271
130009
184231
148558
196752
166191
171544
173415
127794
136262
147743
189081
141227
107172
117245
148016
164558
165042
195160
128155
181521
154151
160073
137563
112036
150113
180157
185337
133565
138878
118695
159277
165314
135250
134022
110709
165871
113191
137911
182917
188422
143454
183863
154406
186753
174792
146500
170098
110935
105757
188353
152984
198028
190691
114240
172055
188758
169237
148775
164266
174166
113352
175915
196044
176467
108891
167482
172919
101547
105323
199833
122946
184776
110859
150402
139574
136706
196529
171540
114095
197299
149228
172054
194293
155719
197763
197072
124550
100147
127531
112576
128622
171475
111717
132240
117495
191513
135802
115346
110907
189525
176732
189998
104739
151608
151187
196080
110021
198966
109003
144341
101180
145268
138473
146266
103915
100926
107110
139338
170934
195017
186541
155555
187675
184146
129963
169830
115354
177293
113125
119856
172465
110426
151184
123531
162846
109778
111843
185112
120241
100302
112334
121909
154861
110814
111856
156790
169308
129786
188242
107033
123703
106493
127034
173933
131720
146075
101462
198886
103883
194022
165244
161256
105480
108870
195037
104951
183742
169611
130931
190827
106893
166385
191220
130519
127417
142815
144710
120657
193262
108736
163367
136710
112848
183402
137853
192054
146215
174825
147056
129649
169346
191863
155582
175346
110961
131290
170460
188514
175725
132722
184067
111474
120530
182648
192410
136751
144749
169093
150030
120854
157890
162360
129349
161890
170103
183133
121550
161305
117038
135532
151978
115916
121864
143226
134269
199018
186760
129648
140633
118751
119647
168994
176465
145540
190163
110875
170413
118304
105812
131456
164922
145293
154838
166326
169102
178017
185858
139270
194346
196547
158958
100705
124228
157006
155088
131207
170777
174692
191920
147179
183430
152881
132745
185964
100045
138644
100318
103678
154982
197438
199316
190193
147184
111714
110922
183666
184063
126902
143079
125822
100160
108723
193058
152321
198612
108638
155259
114578
168370
115294
177269
193606
128318
197959
102458
111575
197030
171409
115518
161706
151551
176027
174523
177160
170199
123937
142685
162975
144052
129060
177296
185767
146443
148307
112680
182343
135253
146011
153866
121066
190024
115868
110232
145558
168599
107267
102076
197615
182650
184443
150904
153895
108156
185657
147591
158667
180610
197880
149672
192008
174117
121518
117205
138205
144980
189459
163615
178045
140939
111237
188057
170331
184172
103739
168923
194065
186336
173580
180390
191159
148880
181114
122141
139382
186230
128181
141353
154711
199215
155576
107637
114623
109100
182779
193952
116293
115497
193695
130641
125227
186017
148068
122192
159866
135123
155480
148009
184538
156176
189620
176830
116403
100114
184490
135491
161584
136150
149844
184636
154264
130077
121756
189437
132428
165076
199884
162613
154017
109646
167873
172204
140142
123889
149886
157655
129605
179684
196537
115722
150311
187014
152157
123389
190997
101005
122165
109935
136521
172886
138520
198752
137710
189131
165343
187693
111425
173132
183549
197047
168476
187312
176876
104311
122557
178432
122070
162267
110371
173084
151079
119568
170003
139587
191182
170853
126385
166172
187734
191138
124831
125913
126841
168888
162865
106604
187721
186047
137603
115372
118182
106500
157668
169156
186403
104215
160999
177813
141694
179014
109103
191012
188412
181012
152175
135391
187371
168482
114947
153449
109937
192463
158138
117457
168493
168729
163166
145011
170769
194676
179058
195034
154842
155612
117606
177747
156848
174241
101901
171143
106947
135649
189980
166242
100483
192095
157872
129039
112019
150387
150987
158069
138417
152557
171742
194705
168758
199576
103057
151746
115520
195986
160961
125458
186506
194499
128586
180694
192316
185614
102183
116784
186662
173876
183972
155376
171111
139367
187757
177333
122818
104937
106888
117579
126988
176457
136166
156462
182109
156816
104080
140970
143660
107796
175494
147742
100548
126904
135933
177372
149690
127684
155640
114680
122548
133310
121937
118020
179822
185356
140316
161195
184245
136909
175091
154009
155535
130928
140546
113960
197230
113411
194252
107212
115242
199732
149243
195555
190337
179968
198301
184294
189913
117027
144105
136951
194567
134364
118177
151638
190673
158675
160878
112055
183747
131534
110590
104732
161968
194598
120015
114103
106238
104036
179081
172507
171609
172847
193348
163793
140187
198344
180325
121934
191659
158774
174524
199951
189868
177701
177989
168270
185979
142340
120511
195129
141229
148189
150819
139570
130961
117466
167165
186583
197014
193363
126245
115044
141269
117965
130609
177294
154599
180225
106928
171631
178754
199445
146610
121716
117823
147513
196595
192107
199136
166099
126498
190612
147775
117416
192803
139623
100535
152273
172641
177403
105758
130654
100290
137393
180977
112087
179700
109438
132370
146891
132783
181079
169644
192317
130440
195820
148322
182517
113200
124863
173768
148903
125587
126549
168468
123742
145404
144352
117659
167161
118835
116790
145753
168865
126989
106821
197327
186712
178686
125804
109518
126865
109631
166826
119966
154442
149534
101544
136114
192299
154763
189383
141923
100335
110164
171806
143999
100626
112257
164076
198266
173993
140268
165399
133512
165613
122314
149875
195124
136784
188287
103682
150517
163047
154792
120236
154929
143652
187607
196785
195116
139187
182101
198182
109367
110821
118075
112512
168791
148747
101477
160039
109559
110380
145471
194708
174013
180101
103466
172474
105466
136259
151250
132587
191278
127288
109228
134060
122855
147657
123699
193425
102862
128614
133789
153227
126517
124867
125076
139256
181974
195759
115225
182248
166690
111390
156147
178124
150531
188726
144934
188351
160220
194546
144722
172573
115784
187297
106104
139456
127682
160283
155578
157934
115199
104276
166391
145863
111887
145662
126399
105637
194405
123187
162049
119050
130443
154284
158056
159746
164403
108622
159182
161515
194122
184421
127776
121791
107852
179653
182990
132204
185653
157843
194230
108292
159142
160704
124165
103992
105152
106157
189501
161022
123465
116540
121668
126526
142787
115827
104505
139750
191709
187434
152134
130084
170993
187861
192441
177633
131648
169838
183784
103639
195782
147024
191106
133909
139523
176240
109696
103882
135754
134425
197416
169134
160426
191209
191405
129412
102413
171038
114669
119207
109738
146449
161583
143779
149954
183253
189643
144842
167830
127772
179884
198911
186628
157935
121973
167416
173100
134002
192006
131864
183452
181476
197798
144004
172430
112050
190754
124537
174807
161830
168713
187303
181096
139084
103299
123818
106068
109944
199001
122963
181599
144347
137092
175029
150709
191836
173252
112969
181207
138236
176077
158010
101466
181901
198299
167867
199064
174744
131082
128402
103277
151206
127511
181494
110938
191623
153174
147964
137751
136201
100848
108009
114162
181448
134934
162630
105931
126662
163302
100130
118442
161444
119522
158262
174266
122528
116946
162322
125723
126397
199943
144859
120300
168780
102248
159082
135478
106611
171785
135464
100643
112125
162641
133571
104003
197458
131955
188494
179061
117787
142100
110173
100103
166325
132391
197574
164349
147531
196951
198808
195935
136949
183362
121834
199176
107080
134416
149462
179011
198984
172500
122896
140263
121904
192392
123828
164370
192539
189012
123697
178125
125247
163001
130349
190211
159121
128254
118270
143908
122275
128008
113236
171696
101983
109994
162329
110379
114005
191904
119586
172757
149574
127020
157659
138384
136780
102664
136320
114197
123519
117708
193950
137551
146432
129735
166912
176712
152520
100656
196563
133215
174179
159973
127444
116869
112218
160447
157024
113429
144482
122690
180527
139374
135213
160029
130618
148341
177864
176066
127907
126430
198034
113179
184629
194752
118995
120688
172469
152606
108468
150475
117638
130299
142191
173078
140026
173966
185501
117880
149445
104000
149682
107531
194430
151363
173548
129368
172914
109012
193980
174302
105287
157060
145139
128191
178563
157509
170356
144361
191406
116963
122337
116354
161965
124823
126380
124254
115000
144272
123108
162696
152327
163776
115501
148814
126660
154644
145182
198699
161807
146307
179297
123798
138509
193249
145548
122999
171172
150767
149388
108313
135311
194638
138164
114436
105845
149578
155013
130253
176423
191348
126029
117654
158527
111200
131841
196528
133574
159827
170497
138299
194302
147912
137231
135056
153438
175324
114778
123439
116024
142359
190749
198077
171750
101683
149995
194227
182038
159538
120169
140698
178797
169780
178371
130326
121342
168714
168738
130107
144074
134786
116859
153261
155127
138286
127404
170276
179757
158234
121445
149203
186508
154922
110745
194188
162324
175398
127467
155490
140636
116382
107365
134133
179743
154826
116986
100981
141315
156977
133921
194871
121146
157676
109914
172112
148452
165631
106362
155474
142859
175643
160191
110182
184678
161862
173759
106333
115437
176306
117147
137217
112987
103671
198985
149261
190483
190869
159577
149663
195852
132562
181157
157532
187391
104406
110831
115789
171438
135568
177266
133836
128737
142294
111024
130868
103534
126738
161308
142802
184319
163125
157982
164184
109247
104816
163410
139546
123738
184838
157305
169222
106910
151518
139326
100388
194341
148211
136493
152270
165125
186683
127497
115874
115365
189510
186215
107954
179307
197610
118501
121601
198999
146817
137930
143431
124874
152717
144460
137717
154797
132440
150813
191231
106100
124837
122737
124383
131489
197387
174106
199806
160122
144673
161930
175793
173172
182591
196584
106841
188447
152540
138983
129193
112908
101987
167565
197437
118364
134865
102443
138336
174332
174547
104007
194433
131034
175133
128657
162534
102557
107599
151485
113490
159777
133807
176405
161720
115464
138958
105957
155086
142012
101689
143242
147618
110654
113425
122294
190720
110284
109860
166368
175566
140282
198986
157628
131999
162270
107341
136657
185601
193907
164162
169329
164044
136988
107677
116448
114158
154891
100806
196125
168229
123850
179995
107075
135133
139841
121767
141826
136216
194502
162146
113918
126750
135149
188261
171635
143417
105741
106521
183045
171335
159031
189086
189273
171244
116383
112688
144518
137799
115172
159305
176842
110224
179594
184482
122285
108349
130929
148677
189024
159328
153290
180054
108757
146119
125431
100452
123374
167562
141166
188786
183389
162813
193476
135733
168442
179758
189855
198450
122921
173038
117074
111850
102256
141541
176843
163341
125338
194222
156372
107848
107451
199590
106798
127205
183171
190649
145533
182432
175073
198343
194756
172907
157036
125337
120260
183822
194033
196510
155367
136094
182469
140328
192811
103985
152155
145773
130259
179171
113469
156946
179801
199091
166538
167388
174423
111133
155892
137689
169275
179290
185193
137080
182029
112071
139919
142085
142372
106884
136509
126661
114175
177359
132178
167141
107351
153334
101114
192474
192507
161704
126542
109574
101568
189601
125188
189202
110346
167750
146574
123321
160738
146169
129599
171814
191776
126427
114030
127939
138467
111017
144190
176463
188213
148758
102441
190802
164221
143283
125328
120724
123365
107936
105194
155461
122939
132369
147424
169586
100893
190809
160080
164244
199198
150090
152449
152405
113348
105292
159133
159743
166730
188220
108055
107655
178843
169372
154344
177599
176985
165532
155165
106268
146293
104895
151356
159335
120116
151395
119467
179664
159032
192465
173002
115341
166040
176893
112029
108582
185700
132155
164322
135251
104141
156087
156010
195722
107198
106976
114907
114366
197764
101471
194387
179603
156650
129183
153529
160315
187879
195012
114154
157864
134164
128012
101492
124601
142702
154439
111517
165100
130396
149146
181266
157727
175038
199793
132828
141059
122893
194496
137235
184715
140161
129429
179372
184032
137983
106563
161064
151001
159464
158970
184449
152322
147326
196122
134306
127949
184610
136499
106923
151003
126726
104352
123002
154037
195492
145877
116707
146966
100687
126121
166829
182120
128911
180710
193444
197581
134136
140381
141646
118428
156050
148761
178606
141950
103778
110168
184587
177593
184712
114218
196184
177411
123729
125140
195833
128936
112854
142073
133325
113112
104217
123625
181942
114327
163436
196051
107838
164464
138683
139533
128624
199413
101276
149150
166507
175555
154517
193680
188906
174016
169462
159555
175866
183635
164069
198769
117340
153155
130750
191669
147466
115563
186260
158915
105470
153670
184584
132105
118611
189118
158849
112591
118189
103323
130267
113283
131596
125095
108353
171344
123320
186788
128370
136261
118259
151912
157860
195047
143955
180088
165318
118845
182528
162676
179028
105785
113737
174553
197887
109822
118068
152834
146550
180019
141837
173432
191309
139738
136770
134829
138987
171808
116508
104989
113772
173359
138757
181082
167072
100793
197225
116401
100514
134424
181677
182314
189046
158866
160414
155893
109132
144821
173479
110221
125055
175154
152712
135273
141957
164721
153484
146768
112684
122869
193548
107169
145438
112170
155601
190196
125005
127935
190338
152195
141848
123326
104826
123661
100617
117724
154105
157644
142470
193578
143777
132489
199971
123952
165462
143542
188519
173689
181369
190730
175456
114826
130033
113733
134357
180236
193052
162316
115700
150865
179627
193179
115425
132943
103493
112979
138051
142562
166056
101339
142808
190850
120308
187337
126049
144290
174735
163838
110133
163297
138555
136323
142206
139247
116822
139454
129543
130840
132546
153213
112543
145764
196747
114544
114543
133888
145122
157318
115727
100313
136346
120683
181235
122347
117578
133761
152512
133653
129774
123546
152074
100473
123784
187203
163940
180510
158847
105307
157963
105241
185624
160312
155360
117719
176938
157906
110711
112044
183684
133541
148147
132757
131414
113698
130470
143061
111918
101081
164835
139560
106255
179309
161464
148436
146641
113243
181325
118994
162211
173402
104921
141035
167269
172046
161892
183996
160216
158360
143328
118913
104167
120916
122541
136720
178902
171681
153504
162747
138393
162632
162046
159915
142664
193148
147960
154440
195414
198455
105590
121702
110714
186940
167726
110098
114502
123574
149872
146317
130207
143575
180293
123639
150960
178657
128516
139387
167009
162422
196069
199931
129621
122560
188983
189570
175606
152332
125861
145607
162647
129672
115950
107188
151052
175176
121251
115932
197831
146152
169133
183840
133631
157455
180888
169897
187110
151382
102879
196401
120439
197269
147059
192542
191975
151405
143654
159128
149765
186190
131389
151134
193276
166719
185037
104320
119728
103292
193921
181338
157649
160798
126521
118368
181634
144502
186112
142608
145411
173926
138521
150575
165240
113234
153396
146295
139807
144145
103049
194058
161006
158606
155240
178560
120630
129593
198772
146952
145627
140865
170105
158976
149568
104618
112102
111718
139606
160429
122438
152239
123208
130526
130231
172786
152417
120275
185301
111068
199986
163296
191223
199422
178529
148246
158577
147772
100733
134146
152407
175121
190921
101439
128142
110134
192948
101580
115681
171152
141549
154302
113416
109062
180885
171098
105619
199209
160390
190104
125434
159343
186417
195500
110865
112558
185663
124777
162767
172528
116716
121385
139545
194927
112154
138171
181168
123704
160322
155952
196119
157099
140356
104644
152730
184173
148836
188506
130989
120882
111397
185809
102374
130339
153911
186821
141296
155634
118910
140039
144770
163064
101007
188578
139903
179050
188732
174506
109232
163690
160939
142109
180179
113801
183541
161395
133044
167627
102252
162741
102747
105047
163996
141655
134174
158827
195799
138152
136120
156448
129355
181046
178745
152966
183602
116516
179569
112812
106097
113375
126231
135181
104091
152470
160197
127372
147383
175429
151348
145273
112510
128235
183725
165141
108881
112315
114654
114344
131241
109763
176341
147246
156460
176089
195604
181125
149953
114298
183771
116736
158177
110360
168808
108726
186980
150986
177522
181271
166315
103255
156027
165063
180283
105914
199212
116482
169544
137040
109294
173440
153305
104898
137383
135482
178025
145503
136287
189873
183849
163213
148120
108422
198163
188893
144225
101786
104516
122673
194396
113694
106279
141360
142268
158225
124369
124047
167481
199217
124415
186021
145915
102434
112394
191983
168716
133394
105903
157176
109726
122658
172567
121730
101053
122006
178642
145784
119373
182162
139429
175270
150203
115731
181415
103932
150890
136010
151842
181008
125924
116301
136247
127723
192486
162081
105153
155825
176987
163596
102322
123616
170080
111078
115773
141247
127644
179953
185829
135346
179033
117593
143019
105996
148873
125138
105293
139808
146241
137565
149439
174884
170684
175843
164799
143839
106713
126907
102703
124437
104969
140222
148282
184677
186016
151761
161868
120753
157162
125584
165084
182154
157266
164087
109236
115016
133586
110066
103859
113424
142014
105169
113835
186188
144053
172379
103142
126052
159171
171653
113027
112980
104783
128971
101054
175264
118095
147165
149959
188871
167163
108368
169664
173541
121505
187508
163468
187556
104831
112461
177907
107611
127781
149265
164353
137737
184708
123848
164771
114682
195432
107239
184219
147045
152781
177023
156245
110678
189787
194229
113682
138107
141308
183827
153356
153247
173032
155548
147759
175299
176450
137067
142634
167092
135319
132192
196470
173119
137533
150668
126934
123314
114538
100191
192306
109955
104545
190849
128931
191945
110366
175904
125040
105753
103984
100757
153159
167906
191505
197462
122933
189196
119750
142258
176469
137594
114210
190409
105359
144064
131460
164562
144098
134332
170715
179465
103835
124699
123406
194572
196016
167843
192301
119780
167183
181108
168723
126403
121907
136936
145256
192628
145334
151434
130001
132187
153199
185355
102586
185974
134766
105213
120570
130518
153716
158965
146262
189836
157901
148457
153081
196879
167901
166285
172673
160905
187017
186137
131402
181981
187920
164466
108956
143058
120839
114360
170617
124167
186800
183581
102224
155923
178048
150938
147360
196581
188314
186850
149657
101976
125460
108019
173511
151448
159094
197945
115527
108142
127232
175623
147300
141770
172773
119077
155195
178415
189488
150952
184729
139358
131149
137623
147098
173750
163050
114205
177238
197006
160026
144890
173188
184012
103359
195257
181621
127786
110925
188095
132585
128182
193638
177833
155988
156217
160672
162682
173085
161534
177319
125108
104845
137587
153012
181477
190537
199855
127146
129158
161829
109129
160015
186729
191192
138738
194998
152214
144158
115023
115190
122395
119817
129152
147626
161686
141123
195046
123117
145648
171277
116774
125559
122831
119795
141121
128485
166213
125541
166739
170381
116306
156581
187463
131265
171047
160802
152045
179554
191465
142374
131188
155244
190767
188142
172282
126758
153068
199013
104973
145941
165845
168272
122792
195138
114017
177584
183807
112214
155554
184318
150240
143109
138724
134976
155769
125340
196370
172039
160980
180181
193543
104380
182477
195108
189623
128714
190816
103990
188260
125765
164608
178772
144278
181442
166425
156069
167026
156203
113813
130890
193280
136553
118938
190410
180991
103943
100589
126657
176996
168481
136952
177167
149062
108344
111188
147622
156583
106875
195303
186783
165357
149075
161390
195063
131364
193145
159232
141630
173044
135535
165081
125088
158900
114513
108968
152396
114153
111149
167302
116177
165955
160500
104101
112188
175979
104881
145292
163535
195902
153695
135421
112425
145320
113714
117097
124514
118658
190280
126054
113759
165693
140215
167603
142869
190786
181432
171151
174238
161280
172180
188010
105279
130827
143878
111528
121743
183334
128477
146666
163853
191141
158936
193739
199864
174542
151444
127368
168872
182071
165510
128299
172443
174857
195033
198171
182547
184035
184415
157915
115238
184111
152685
118904
199118
115765
116903
113638
175551
174684
178146
170534
160663
183650
139245
167096
104925
159457
184568
163800
181171
115409
197223
192888
191246
188531
118388
106529
152799
187715
195127
168328
151371
178417
120028
174558
163018
196685
164391
102297
110657
133517
176999
165117
109961
186433
138238
161522
170705
190737
146426
101964
158969
180256
144210
144925
146403
194402
111321
137741
149404
104843
147653
184301
102091
100421
190580
173031
136941
119039
104418
155751
117716
192926
178499
138444
159061
117672
188671
156854
197621
166189
172880
175048
109347
146601
166575
130335
192166
143067
125617
179914
176801
125389
166087
197983
102488
178283
193067
157877
162032
158818
110106
148801
141975
182971
136195
153652
157674
125193
160423
131019
166638
149742
189257
102646
133434
154624
178230
171948
162648
191565
197782
146687
132597
100161
118746
157822
170770
162965
154209
148054
176333
185602
140344
176753
143009
106838
113923
137653
114751
117207
199344
199598
108937
155350
184234
126569
117035
153406
113653
190442
101100
168507
199203
141177
160379
129231
179891
136169
124640
109483
102682
120465
161770
136302
169472
139268
196535
156234
151617
143286
106348
104729
155630
144279
144897
140454
141971
177363
126679
128023
124720
118867
177983
162879
194432
112418
185245
122825
192744
178265
152716
195838
113016
174392
185670
191008
122735
123725
115334
183320
185219
181353
182455
148543
187976
190152
156472
131424
145447
175342
178900
128204
109173
143156
125390
164696
152159
139339
147417
179177
101648
199674
119841
109870
127656
153850
118838
128165
109603
176386
131062
100140
183878
104104
124481
141464
192934
134455
110031
178776
194197
108463
171205
104939
177111
166008
190751
150646
179549
126059
139741
107484
188008
118494
190106
138074
160140
151174
182151
103629
112290
136653
133564
154577
112988
130788
101697
125741
118463
191102
162842
118988
140259
118699
175588
152849
139035
130277
162549
125771
167541
176558
186463
198527
130595
120726
141146
121116
151811
163140
194421
181614
171936
189120
130179
193661
125069
185319
143815
129019
152678
161551
169832
140468
134446
187142
117451
166038
125991
144515
104756
190727
103366
151306
126556
106120
173804
190265
170982
138969
122666
107928
145197
135743
144903
119915
185194
113537
125712
193359
135502
135520
174196
138559
163250
111853
185100
139859
158991
105062
152145
156685
195509
142243
193890
191553
178592
107515
106400
192769
132444
132556
108656
165205
149418
101614
129723
118578
153487
175153
116961
132956
172224
191713
155843
171391
176340
138274
106090
109989
177676
103894
158049
186810
124999
105115
195547
113916
193211
121535
111217
148232
128320
165193
188771
131415
193336
102938
137021
139977
136971
151126
102933
144606
107659
129898
157054
166360
140827
185142
168869
146357
166733
106942
122796
154902
162685
109990
196085
195981
137127
143083
159563
144636
170562
162094
180616
170522
191893
183001
143838
139647
197454
145212
162973
169709
193478
172077
118908
168881
114279
113239
129134
148984
134938
176577
162951
165030
176267
160904
142868
148855
124962
124244
189588
184798
179945
167811
145762
108450
192697
141069
187085
167127
197417
136075
128037
125950
136943
115865
150894
169024
137893
167773
110187
181644
163636
108272
190070
174548
148993
150222
129736
109281
182550
151487
177439
116090
105551
106890
130034
152231
131701
128819
161410
194459
116773
106931
150454
156932
129517
108046
132476
113525
103126
107162
129052
115755
185138
196238
141331
111319
172721
184278
120293
189453
195139
189329
140522
174440
141740
123515
126746
122212
102502
189807
131963
177645
118810
166883
199828
106456
153934
191477
128848
196636
148448
125550
176179
140033
137389
196568
108453
106720
133959
164567
104763
147034
130543
101243
189334
199585
157700
181405
128089
144854
158188
163807
143119
193335
150500
132746
150191
105149
198325
137828
187956
138926
144384
149680
103729
110861
195779
110684
139670
113798
107833
165762
144425
124869
152207
107762
170667
191566
140267
197653
142457
113604
115791
196620
127243
101588
147403
156906
185600
174845
122860
132667
118190
179390
152345
153298
199447
135699
133931
169204
155425
157243
105006
159902
101126
131561
178496
190511
129075
176312
143352
175159
103447
153214
181585
149242
126777
192643
179888
182735
191633
113207
164027
170660
188191
198641
156669
154521
153543
124359
110274
148575
130194
106607
119034
132637
109817
149238
178275
199189
147501
126106
181167
193713
191161
133590
158077
191061
178512
189055
155960
198782
199947
115024
129301
183552
199923
165690
185284
145625
109439
129562
185483
163997
125327
110302
166910
188872
197124
111770
197096
140239
169868
123495
129596
191335
129230
109217
142434
161056
106522
139179
122403
102937
148309
100403
106098
137954
129601
116810
186371
120496
129059
113919
172763
106945
184103
122085
148433
103171
169923
182284
182972
186395
199254
107093
190502
130054
147850
101675
181814
123441
166257
185900
178939
107657
118660
188116
156308
144023
171173
154563
131557
135229
138859
157962
189104
199311
178975
123791
100605
184487
173715
187222
187753
147249
184499
155592
112725
173382
129773
182223
173215
123111
155455
116552
188605
119288
182218
188489
183870
189032
135145
194673
110375
155032
139128
128425
150555
154526
148291
159766
101499
139884
125591
138566
109899
174690
137275
187719
191347
101687
152102
139590
144017
115051
133732
153978
147296
155911
124709
135610
175309
114356
100448
166600
153588
102827
150054
150732
137367
198617
160150
160881
126490
195486
199774
133352
148493
121248
187655
192758
190857
161961
195068
108850
171096
100640
122069
113230
151911
138971
176956
166073
113623
123888
126145
116758
127466
165758
184543
144787
115634
106405
131818
160531
149805
145210
116072
154895
107320
184367
161801
117541
186416
191329
186218
124125
156692
135049
150552
129609
123878
156112
180368
194882
163737
135922
118340
106783
128770
112385
153750
170109
139320
153314
147133
144498
103334
170243
127229
118208
152990
127745
148821
184930
103121
139648
196386
120642
189678
129687
135822
176232
181516
119712
154441
131399
193323
103297
128111
147359
179641
181563
153513
107241
177891
115057
103743
125444
125057
191855
105048
141608
100041
122283
147805
139201
197399
101812
163874
196706
163290
117224
166091
194603
102359
143937
128489
110308
107877
131358
167449
119379
120205
146255
116052
159238
131771
121655
111945
119112
133507
131924
129480
175582
185784
163732
162800
121801
159253
108461
131543
192101
118503
163022
139054
199246
125580
140480
163266
146513
174007
178898
176072
108706
109328
134035
197919
177407
183859
143321
159509
167718
142135
150742
198504
135264
147748
121600
114040
180021
130626
193075
186400
180200
148772
119267
145043
104879
121234
145903
111295
187045
195886
157881
118796
195610
178189
130808
110839
149447
151652
133080
151266
122386
185707
111527
128033
146798
197897
146020
143587
158840
177212
160584
149679
162656
131057
106728
133000
135344
101146
132665
171264
104250
135566
174492
103949
113969
159764
125989
145181
181597
151197
102321
139952
118085
122932
121820
149271
182597
107530
114839
198283
104667
136396
193825
116574
158113
100006
193635
149685
102643
167417
102085
116769
175051
189982
122915
156867
168353
152104
198433
117182
176490
184192
107778
106303
143559
184037
125026
151885
185774
110329
179889
130916
173995
110682
129252
105364
148142
159243
187939
149050
125551
168298
140378
131734
177120
180540
163922
189942
150420
115380
157726
107193
134216
125955
148945
194393
187509
176973
111626
102206
115338
150740
138309
188484
144039
164713
161106
122132
148854
199207
105943
103770
199395
189625
132349
140372
110244
107919
111115
168954
148562
124073
197815
129637
187495
125206
142582
189439
185168
183314
192083
150259
114392
109339
128764
191529
189456
189233
169938
168233
149044
106773
158742
168074
135665
123788
133283
184297
167957
187023
157466
165436
114781
182664
182839
156668
168078
139471
112965
192855
102168
184055
120078
172618
162229
105760
155412
164536
108222
144501
158595
124889
180691
199365
184129
177119
107566
198631
108681
150214
157788
150258
159058
134118
187503
191781
165547
164082
170711
116579
118574
147692
136740
108580
157873
162510
194594
174234
138497
137096
107886
109425
129369
128509
169939
193822
199745
168051
127305
180995
112322
100398
189762
134329
138581
152947
134129
104675
176310
122806
111447
154068
184968
194624
133270
118784
134441
144945
134862
161640
146726
162225
193807
187200
102896
110147
188452
156940
183518
109761
192610
101919
140419
186350
127374
107956
176696
121510
196145
124363
115843
107864
136399
195393
107556
104641
122936
110947
121339
142422
166530
165614
150243
121660
177923
121615
115173
131020
113606
141582
142286
188006
112466
161575
133053
156338
164535
103003
148160
167841
113048
167300
164083
125310
113902
125203
187515
147207
172194
139904
136255
170036
167240
178035
104656
138708
161372
163935
157594
156199
153580
101089
138728
146037
131464
185515
188380
199591
135865
104810
164661
137186
143616
118228
147087
178851
181373
137774
177425
198740
189919
187982
107232
160753
194001
159935
139371
173168
171037
108083
130290
153579
160563
167746
147288
125651
111242
165295
164667
155262
122704
103954
115107
140886
183015
150361
107278
107955
113689
195518
120826
188886
140695
155152
186322
183707
119309
146622
194989
197153
145383
181733
151346
150114
135886
104794
152850
135169
174576
186908
184034
190582
170527
107821
179535
174626
123957
151700
169557
192001
159668
117279
156843
153789
193922
127473
139315
136092
132787
131363
119906
169872
151535
181905
149687
197143
155442
109618
180938
128106
126507
115911
146311
136182
130915
147534
175396
132679
145088
120783
168894
182270
165466
165199
100560
112587
102741
117389
148613
117821
181847
133902
105778
183338
121002
139113
118512
124319
113407
177514
183526
199477
147610
100728
178369
131562
169904
188550
164708
120211
146457
129316
124286
158768
155856
180947
161031
147560
130224
199180
192649
123664
116480
120142
143336
131300
194047
147107
113176
152165
166046
174460
190115
100428
137466
104246
179508
184242
186500
104820
117219
176506
180800
108267
177060
175907
134206
119498
170323
105121
132881
152809
169570
156866
183885
107562
183540
139661
143362
106502
101590
124987
108955
102885
100312
171550
158720
150430
136478
164997
184426
189514
143913
152377
136631
135569
170393
117460
144624
168795
190255
152916
103761
125313
163462
116576
101261
173020
136839
166010
169806
180500
166423
191619
141393
108797
167847
167524
118219
132459
162989
148115
104650
174765
102960
115829
135294
183568
179314
138052
150983
111376
187352
142139
130797
153424
171810
179157
171430
126785
147006
191181
129286
142297
101913
168587
103225
185728
139491
196783
157900
135326
162889
117938
126755
103227
181883
139064
123939
195712
155453
160950
159138
192287
192135
149009
117842
147780
186974
161043
158004
126678
192248
133568
161651
197704
101985
103602
155635
119133
178924
169701
192425
158523
100517
158141
199881
104894
141992
169254
107375
148681
171562
147821
154834
147937
125391
149543
124633
199274
146581
183293
147894
194858
110388
101078
115091
148135
140957
124038
167870
116130
127649
119049
189226
152272
161629
179629
164411
158824
147720
179800
185878
102334
194209
176909
158672
114042
141622
195556
188208
179812
176587
140863
126428
163226
149592
186072
185210
143558
191341
187882
195234
123808
143748
109267
178550
198404
187097
109967
181688
133997
167037
111136
147407
178137
187786
122441
155281
139950
107773
152257
151558
103062
114458
198530
112123
199581
141271
141987
197721
137648
106768
106437
163661
172269
131594
171028
179518
149473
179964
152780
108504
137194
168811
136006
165519
135660
128796
148059
102717
178355
159127
120622
155077
113137
152765
190018
189014
177465
167000
175818
196056
178988
118708
130429
142503
122990
106286
140409
126812
180386
156878
111542
192225
177695
130640
195652
165115
111067
161142
146338
100417
155701
138401
162988
196629
102178
180238
148935
184544
181657
122646
103523
122144
139872
160427
111173
126033
179825
170142
153552
133751
171574
159610
138911
153106
116361
171029
124916
162531
180774
116939
126809
195784
164554
162933
106933
153908
170315
193566
152460
157511
140000
161667
168340
190775
107879
104867
117361
125520
103284
189600
164785
144409
151705
169523
193319
167090
186588
144634
158118
184613
139601
101552
138861
124653
158032
172993
135372
169028
192379
190903
186519
120175
146333
111259
195859
197247
175618
135684
168384
108897
100775
145429
181402
173398
194200
158546
172531
196988
193376
147934
120537
138130
139927
135322
129337
118425
120337
124900
190919
114326
101641
175330
187827
173629
176669
137920
115524
107597
138190
132469
117269
136533
164427
171658
168855
177094
175069
118093
184094
123811
119058
149962
190795
138312
171142
144557
179325
129545
110070
193801
187928
128392
160746
175430
138314
103697
185416
120031
148425
131141
137822
168294
128298
149211
173388
199374
139496
161707
106845
136351
192947
156196
183396
145800
184036
113024
128776
105923
169311
175770
125879
175877
183795
168063
147556
195297
172085
119570
192898
125195
106968
144355
191049
135880
129836
180988
176677
102892
166491
159466
197912
119696
177381
198955
123787
197956
150062
148412
108945
172888
110532
131344
123134
188478
121776
120052
155206
189636
131216
106650
157671
170341
142227
121704
155919
125000
177198
196482
148480
190446
125752
100392
103445
104201
181778
107184
168185
179630
174078
121360
187451
193055
129153
108389
194700
133605
115441
174946
160568
115743
145313
121322
172747
162524
179586
128150
183328
108616
193790
130834
142622
144261
129591
102642
174454
109946
193397
192859
189847
136082
106603
191277
171600
114976
128923
161162
138800
132213
174498
162226
109190
157383
101250
173927
130784
100853
130378
143160
154429
173482
109724
173376
161338
147849
102122
139118
190525
129232
107732
157682
123300
174287
114910
149093
132432
196501
167785
119062
156113
121856
136640
149745
171253
173200
114019
117566
184820
182794
129710
112681
163261
186579
117337
139211
165335
159567
170466
111866
166746
142437
112106
131802
106520
174404
116215
166750
196847
155451
180600
143388
153733
138217
171868
179998
164658
175361
197838
108671
167665
131429
148809
183207
101625
144549
115095
132339
169410
120811
188067
168626
194742
165972
113245
132791
155167
158721
194849
118726
193131
179264
139205
189730
145571
116070
160248
137836
156167
126971
107029
124769
118162
105801
148554
153457
112609
167148
194489
187133
162318
170987
189458
199265
166663
123417
162985
172190
149378
135585
181362
162479
127770
101509
160225
125898
122776
126502
150046
193779
136573
132902
159550
116122
162054
194128
161627
153111
119319
147822
115884
135783
155849
140674
141429
140526
182152
158317
166274
102510
188607
121485
177053
111362
183331
104260
119225
161034
149181
106345
178305
140750
140694
199172
183300
158588
105584
178821
198712
150188
194699
134514
136142
198008
111660
191099
176291
197471
172781
158232
113657
124566
169052
183967
113028
156266
103287
167643
151710
131482
145596
155553
165905
118110
172994
179431
144059
138791
198862
138544
117391
107405
120178
110845
170146
150266
110056
159014
157861
101280
169875
142481
145841
188809
134940
178034
136409
169463
176078
186364
191291
119085
140609
118672
118363
179318
152255
148512
195735
101778
172009
112371
140027
137030
166520
102556
157008
177115
140963
122130
115777
106575
133800
157497
106072
179287
148476
190915
134875
177675
152605
108839
193567
170922
125356
149918
172026
183465
118183
115411
122752
111958
126636
144162
105484
196323
120647
136853
122591
129004
176000
133344
156344
104788
192242
140802
181174
142194
134729
130785
169384
181306
147439
135292
150209
176283
179045
112683
149700
199597
151821
108376
172946
156989
122982
198052
155209
105880
169458
116524
107062
154035
119061
117408
144675
149822
192675
169496
146117
121526
154376
159522
185182
183640
111686
121808
121991
183083
177191
167768
191386
173578
134372
132781
165435
143060
176929
134578
181053
124795
198949
124901
175063
133912
126464
153339
191254
123004
175987
196005
164436
169047
191563
114313
176695
159404
181809
139978
197302
118631
117402
139397
155541
169859
162126
171718
172548
158658
193014
128996
143022
136875
155794
106422
197770
168528
157666
182840
163280
159825
184131
128980
112427
154165
170060
162624
107441
185564
152482
108207
182897
102045
138035
162892
124268
174370
127520
171260
161937
187348
110327
192255
182979
144941
196942
177821
173648
118486
107726
104784
138435
113439
177580
122692
191448
154176
149336
180401
188206
101534
147650
185536
145799
145109
140965
172380
117735
110643
185459
174920
163024
176617
128615
121310
131093
173564
167893
128786
118547
155432
108894
161822
172264
179216
180123
199865
125177
136873
164873
193885
152782
192577
101940
114869
149516
107022
129887
131940
148651
158684
196153
188496
130282
114633
168473
153511
101883
182462
103633
148713
122068
117622
130120
174170
116862
161792
119113
114748
131133
189947
169265
107204
197279
118232
142015
147192
160898
166885
147922
168452
157973
196290
192298
113551
137471
170885
189357
106445
161891
133210
196337
187370
139630
144122
154594
189079
170185
196709
107751
183332
106404
101411
101934
137188
164033
141502
111755
184484
170957
116668
163814
185440
161992
192842
127621
192118
174077
142974
126731
181323
148537
126710
108841
165729
147163
148259
173425
182687
119100
128846
117864
154782
196692
171167
174797
127919
101573
132302
142722
184799
120660
114072
162874
144908
147112
115087
128649
165021
121908
174121
122292
131846
161779
159259
115178
100957
149652
180219
151471
104762
144148
163045
176266
190355
172951
175455
116824
149327
134783
170689
129403
145691
117626
118600
191212
122027
179788
147099
164729
126410
124538
191624
113514
130325
168107
159675
180279
101794
162736
143745
162365
115534
100303
111592
145413
147557
119078
165604
124663
154675
187797
195251
132978
126212
181328
150369
120420
198235
113356
152910
123630
114600
154262
169590
177542
175824
169122
145152
154282
177798
164241
140880
143157
148743
109323
185215
191342
124541
121613
108070
133166
153975
155393
126915
134208
172785
148112
118283
134939
106842
138261
187821
136790
132176
153018
141759
109489
178142
101868
192348
116424
199876
184446
130408
195319
190300
124788
127154
102246
125815
158273
108651
169571
142004
146176
132415
177405
134870
106632
191185
167966
167545
157747
107881
179285
188037
174620
166871
127862
117078
140023
113055
129323
129364
188427
132539
145796
169847
188861
146875
105787
149305
107800
117892
196776
100958
115692
113753
100156
156780
161663
122453
154364
192958
104265
107672
117574
173570
156579
147784
198374
115094
195076
123524
119008
121815
148859
138867
182183
191890
178590
148816
175852
169495
190241
124360
179363
108299
121692
198476
130112
102053
173600
183995
161125
190513
142687
164723
109358
193684
158312
110193
101350
160460
196770
170168
198519
197441
181754
150433
120280
109705
156013
151923
134658
169042
124093
198105
130264
144079
144516
172211
110007
140814
159372
150909
138352
149432
142315
199028
134587
107042
149132
153809
144568
107527
167118
187917
194856
130005
169157
167292
197340
193691
163207
174962
113599
147900
185442
189470
141710
182609
190148
177199
189025
181330
190132
166917
155089
120187
142134
105235
150911
190391
101184
111386
145266
147883
136529
104371
141386
177223
115484
159318
198511
109093
137614
149996
157428
194280
183066
190899
146964
137613
127890
155782
189371
110857
111012
106666
178740
103467
116944
155502
151826
113762
127602
108743
166415
129255
189937
151219
107009
164487
113879
157256
150086
193707
187002
146421
116461
115482
148449
180163
109114
111126
114183
120871
124300
115286
171509
196461
128452
197118
190112
180232
155383
167820
176692
141818
105040
191541
127448
175892
110028
174818
121453
146078
178769
110273
171286
120694
103876
175807
163132
198090
118885
146441
193773
127789
188650
145727
185034
178267
123095
149945
119273
108380
194401
157680
173178
193721
128052
173497
189560
179020
152568
106077
101427
186744
111628
147177
185837
195274
154496
108181
199658
114261
109736
171495
117601
171131
146343
194335
193236
149163
140755
156261
171645
104447
124806
139881
115788
104347
146527
156316
140186
181637
137685
129478
153204
113710
122136
115595
115737
163791
180397
119877
129188
144927
142063
155662
121520
148414
143516
183312
130588
190107
100058
193192
139238
147633
132707
175560
177623
162375
154758
158324
172615
142654
105228
130469
140559
117088
107678
161116
194020
133698
130792
179856
107108
162841
180999
141926
128357
171902
137104
108934
106808
120515
131812
138112
163640
115013
156582
189431
190392
153997
191798
131900
145873
166154
138776
181949
196455
182360
159887
122255
195174
184115
100597
124402
168067
193559
106979
117883
140783
120760
169951
139852
121576
123262
149739
160974
198441
195912
188968
102903
183110
123267
151860
124931
164394
128829
145963
155681
196764
188415
162631
184423
173033
127290
116105
135687
148385
155421
116415
128970
159622
135293
122019
153287
178762
100136
115608
110569
176738
147561
142343
147602
117257
148718
152490
157978
102362
170014
121984
133032
140018
197856
146278
167648
134299
161442
105079
150888
117235
194081
143530
165407
186134
154583
166126
143078
119140
199525
150784
172106
104642
138731
131274
118745
147895
104415
129421
121703
152399
169556
140753
112676
178703
114307
114022
101701
169002
151433
113633
167606
141176
118577
133175
195008
104779
124853
109214
138746
195332
195217
104125
134268
195957
177369
193641
105884
126757
157813
189993
192442
166534
172023
190413
101558
108941
127016
161549
118099
161973
197080
128715
128251
164706
191797
127451
162430
193945
193708
110874
142992
143922
157368
166762
163831
118322
148547
111466
173486
179869
169108
197369
101381
124293
172924
141796
119917
184027
155459
113528
110146
188486
157075
134242
135167
130576
116885
115276
173979
156711
178228
106692
161571
196516
177681
157148
173788
155961
161767
115846
156156
164283
182675
117320
128454
103879
151669
105532
192174
189199
112613
177809
165811
133233
141204
198907
143073
151044
107630
189907
154846
125475
141636
181270
148971
104205
182757
108573
147452
174529
150669
178466
132931
105653
169619
184882
107378
183613
156591
112157
196186
107544
129106
163424
142095
115826
113962
106951
151931
195948
177861
130304
191758
139124
182102
103923
175255
155905
134114
121836
194786
144513
145696
109080
159580
132243
148940
149320
108698
112222
108878
143326
135352
127783
140566
168566
140807
116644
112518
111700
111378
112450
171413
114625
149596
189003
145261
126351
107736
191688
100662
138135
185239
193440
110433
110702
199573
195642
157847
102628
102143
138734
181429
157072
113284
172844
101933
190490
119358
179377
113621
139922
165426
199589
104037
102432
102433
125654
110183
108249
131411
109252
126676
193770
175711
134915
184013
149744
158961
110203
125811
140928
102989
131651
195228
170446
166028
177499
123035
198354
164313
102268
116990
103875
168616
135570
156431
192607
114817
193683
141383
184397
113790
177464
190427
149505
181979
113034
127601
160226
117166
117359
175271
127768
151624
184521
138421
195209
169585
171887
179218
111885
164611
113480
111511
185395
130189
135819
143005
100179
129833
139133
154469
127007
100998
156695
128814
160352
112175
156172
106451
168300
172645
164258
150476
140751
126081
183459
123613
188439
162601
184002
119082
157023
164216
116553
129362
159946
114709
116852
157893
194710
125778
131587
132205
188891
188942
153094
194978
137159
190128
135360
182269
153381
197961
100229
117706
135475
167189
196968
106450
151673
192345
137014
138479
130088
166935
166856
195331
154184
176432
181434
172209
158948
170585
184602
174840
114168
118891
136223
113622
132482
189050
176555
116861
109363
176290
132661
142637
102981
159456
169503
187738
161787
182560
167487
176625
153587
126422
126234
116020
137332
191735
101404
139539
174816
107989
153539
190594
162578
121140
150451
150077
136434
130382
158570
145494
155775
187790
176586
174740
100701
128676
138590
159101
157032
158614
172756
147533
131666
132630
168028
153956
110944
186637
122374
154523
107791
119177
136144
112280
163559
118185
166833
153439
109655
115683
148372
188190
184486
114375
156719
102857
167621
137107
117863
175196
114803
102726
152663
136563
120857
104643
181919
194534
130624
177828
185489
144559
182515
138060
108446
153238
104158
151391
135045
198509
188025
192863
106621
105765
128907
117071
190454
175335
154078
182941
195587
151343
186184
125702
133581
180884
122435
116266
153762
157130
179367
162720
121627
155945
192513
128283
144678
120571
101960
177541
178894
167495
102636
106812
124637
133536
130165
141223
135800
131316
132775
115633
143579
190349
130565
146938
191259
115831
177590
129430
144744
190587
132813
198180
119249
157203
124151
111822
193745
110784
118692
188136
140209
131088
104214
114110
116404
168840
123368
127023
178990
123802
103365
185958
107266
143071
152843
108159
169963
135087
154089
125830
167223
186743
107030
190880
191547
148044
163409
161293
153465
164208
108010
140808
146000
147487
156512
131899
106004
197204
128195
122380
192549
154656
161437
102657
164998
185590
121693
181244
140048
145343
120192
174917
180082
115483
136930
165761
192396
121459
199662
124932
171615
120442
196585
114124
114219
138587
187119
139593
112477
119894
114463
151423
198646
152805
134970
163176
194467
131319
123514
176382
141084
135286
147714
125754
150857
192646
163228
162938
172025
161998
193580
178010
166147
149467
110419
128943
171608
184061
183790
172983
130392
143677
106687
115840
105173
119830
137996
148018
193355
148520
185435
185255
178167
148541
192634
188596
157734
130523
121682
105371
191949
156741
149304
113081
169417
157525
174654
137697
126395
113853
175525
128325
154759
195002
106488
184709
186243
134956
196604
180289
188041
161680
188180
126271
152217
182598
182262
118280
135679
101882
124059
140712
186004
177220
174879
159728
151458
186089
184897
167204
153746
144627
172600
169143
152638
195388
118361
121144
147230
116851
146162
183746
164977
107395
118105
186483
172301
184942
147198
100460
142504
164952
182442
166498
166953
152472
180829
156877
116476
148395
175518
103245
180201
198945
119617
136268
129420
121617
114177
131179
149607
111762
102790
106490
171593
195071
197085
188014
166708
151539
197253
178564
104187
184444
150057
100220
120009
130757
150765
166954
177924
128889
155549
199877
184204
154030
112350
100017
153248
171943
124570
101623
169627
109968
104350
144125
104305
152135
151953
134121
151833
185592
131938
173391
114478
182693
110476
122492
171896
161540
152588
111813
184336
186663
148753
191085
193590
139237
173279
166716
186397
181703
157010
120005
196428
168227
174848
183018
107054
107809
105409
114805
136617
161894
145545
152248
184291
150063
112380
113625
178841
196887
171710
163889
109191
136139
135563
179705
131104
193644
159831
171935
190497
135894
164309
183907
103011
157598
196131
168812
139010
106061
177243
149809
186792
118940
154070
114010
152320
152794
143493
149037
174937
187128
164789
143424
182247
114069
121768
168410
131624
119418
147989
109710
144622
188443
195734
101810
158149
111674
196982
194560
132895
186819
175245
152091
151602
183008
147327
185376
126767
183838
163895
190114
165518
153822
178506
111118
117846
190548
161997
180230
129417
185396
156400
192341
169413
174430
165851
199171
134275
158835
135577
156366
110196
159008
100209
170988
193614
137328
164017
138869
120248
161550
118468
187007
198217
112614
142725
120183
137782
123418
145391
145108
165419
179387
135932
146939
135814
176466
119973
191451
179597
186515
156085
107051
192402
117749
162362
110436
101823
138215
115062
182907
134082
166975
168374
178630
164250
109507
154814
197192
111815
140054
183141
114764
195287
169663
152438
148418
119582
157031
150900
156254
140770
153456
112150
175857
102895
125566
186935
111671
181071
145659
143680
111462
116720
114351
178516
130388
143484
138181
138713
159236
186159
161491
171450
110554
192989
175740
182260
196318
153278
191175
122002
164772
150246
183873
125362
170549
181102
158153
168020
112656
119009
139531
175431
184689
111030
183061
151837
104422
181269
108483
121568
127592
173108
110575
162385
146538
123817
153002
129519
110713
166441
180341
122244
199888
136289
124358
185115
139788
193783
170256
113549
185642
124238
102306
101763
199707
188064
132872
133106
136973
175885
139139
152276
186095
108892
184454
105282
100910
185620
190160
149054
137759
134351
168517
122377
129123
134500
176279
166956
181674
131493
114671
126926
130501
148063
178215
138089
107090
119650
132241
171788
147845
126543
119785
184901
136295
150295
102174
116700
167457
161752
157713
120594
135433
141243
163740
108858
181470
114716
168899
109148
197079
198775
111576
185711
134235
135084
167312
197995
196392
164234
137330
133520
171604
189426
105333
152006
102837
110976
164067
122577
122501
155667
158279
136218
134503
160047
182041
154581
149089
163625
182616
160665
110594
184222
157566
161167
185722
180389
162909
146693
165309
116381
117085
101681
192636
162111
183927
194857
183735
181391
148169
110726
184701
123364
104633
167971
187091
165794
185617
117275
147313
107827
119996
161361
197987
125554
124956
199360
152002
120485
161945
134158
139288
143102
180310
112096
110156
177091
191331
127377
105639
137179
117486
128929
100933
104374
176175
180931
199271
124474
104541
192543
127079
174999
135673
136148
184790
170521
105119
125751
168070
189632
160858
191762
197735
130451
184213
180594
143998
129794
163264
159256
181094
174352
188364
165930
101738
186387
111244
144916
131145
196560
140908
126280
101869
130153
116910
166082
142528
139651
128705
138582
141156
102487
128561
192134
149952
118788
162610
191847
155663
136587
100052
134125
190131
174218
154804
187598
177258
165268
105855
142153
141046
126614
118782
148050
121996
123138
144075
182957
196476
177292
189469
194146
168655
136177
152534
173375
110665
184215
110055
159175
152853
150319
132215
198593
186171
169121
117639
113885
163534
161205
198755
101644
147016
170656
158356
120797
127816
126181
104908
184053
148754
170995
118828
114474
160321
153275
132348
157998
187112
126077
154455
124184
128695
104313
154681
158511
121580
171993
167819
148896
115244
166347
169094
160686
121954
120905
132652
124665
164919
159347
147980
104351
131939
106055
142131
134454
144418
194615
173118
133381
138589
141185
150506
193775
142947
132717
160775
108709
119766
118316
102010
154006
193493
129819
164623
155702
124449
118974
110176
184368
117423
190044
112051
134871
196270
180191
103965
189137
127831
159694
154472
170305
144831
158296
150206
126211
107404
135289
148565
104443
191450
131111
156611
150395
137615
136663
129954
151985
123518
134283
152860
168154
122317
183321
142533
178186
108088
180968
130178
164636
132248
117675
130430
118949
180315
180487
101227
153003
147333
188864
134614
114361
191722
136147
111609
161979
130534
131755
145883
197331
122468
185902
155762
132822
190726
120671
102227
105798
129900
104448
167975
105383
159838
184533
140697
189333
162971
197722
177151
179243
152138
166348
165615
159487
128883
120740
110558
172634
164459
152489
166135
159588
140298
173899
101569
182475
194497
191922
177072
135501
173368
115126
167325
139613
155710
124483
178679
136954
191112
122466
135949
151011
133481
108144
177313
186937
101503
191523
114731
127929
102214
164287
165546
148206
148882
170603
142288
176098
160162
170478
138642
157253
152531
171801
169670
113454
170087
143907
116190
120197
158039
143986
150438
124606
177877
184829
137730
139961
117159
105277
199527
117982
194155
174076
148830
175303
152677
125281
107585
128272
186841
137111
171930
175635
138432
151946
143569
166593
148441
166601
138399
137787
101826
152535
163947
143253
156535
146366
177268
140217
143159
125481
130590
188251
193730
103247
138433
146268
188143
151815
157403
118719
194273
137738
170382
174389
195156
184201
133918
198725
182756
186252
125354
171957
131869
174713
130652
147371
106932
101269
134816
153296
156274
163493
105400
172667
175782
126826
107207
189281
164401
185659
155251
135083
152722
116625
108097
189340
138511
162552
138573
174416
129093
103312
168361
177300
187778
185918
135796
194052
109205
179564
160090
154498
164053
191740
118217
161203
183206
110135
123427
108435
171268
137576
148992
163281
127102
188551
183258
109038
114383
109880
123416
193197
192386
148653
157699
146200
158492
124465
147920
168998
150883
102331
116359
169509
126423
199460
145526
126869
164537
130007
119847
157590
198604
138531
133204
130199
191330
104587
127881
193811
155685
104569
142554
104216
116779
138543
162480
147287
133745
147217
177774
122153
127941
191900
123323
181764
199907
100556
198864
106095
173753
132130
136119
184039
161499
109106
165458
176362
105163
153496
143771
115952
169217
169170
145373
173890
125675
112149
195387
149224
108348
118903
178945
182745
194940
174277
138275
187843
129258
170205
158817
178721
163177
198442
102037
184995
194134
136878
169892
183547
160915
145039
192908
114793
134705
199964
103443
189231
117258
196681
132593
195028
193529
186383
147068
149833
146764
100831
102088
140424
127728
182631
119045
138400
157228
126896
120419
114640
176550
100927
170415
140232
116798
113847
138840
195680
154733
169641
146702
172078
162493
145612
181492
154393
134512
133934
167538
116484
168372
104361
114198
143920
110856
122149
186476
183703
119517
104470
110222
192799
181661
180679
135715
120277
138539
181055
128488
147760
187551
152402
156042
143110
121774
125442
110060
169307
171656
120399
117069
110186
178725
119658
197395
141244
153898
152741
175832
147395
178976
149038
187528
143952
116879
122649
169259
116726
104264
109601
160003
157217
188110
199738
117826
161572
145176
199390
157558
127824
173492
192041
125682
179976
102954
110335
133660
120121
119381
146400
147446
179529
108960
165752
146600
152955
168810
105474
131897
127717
174535
115106
123576
153280
127803
125589
183077
109800
171341
180766
112837
137385
160046
148639
112618
117538
169942
149001
135297
172643
191763
182098
105772
181165
189647
112468
107173
197563
185008
156452
143241
116685
193667
159160
174562
106523
110589
134750
126407
108816
160019
164409
195218
182800
152814
194351
185570
110286
185451
139877
194376
150614
147082
108100
192204
170584
184714
124161
134340
127463
179004
198091
189691
121640
183261
161674
183408
168022
113797
100146
152908
180399
122837
102371
145187
142775
100367
110154
190898
114195
120959
123656
148071
120552
144969
179925
153107
138186
106064
168663
121663
172016
185551
185307
149090
137371
140250
137405
100666
185062
147812
121726
191937
121890
144037
109211
172770
179331
151739
117563
148283
117487
193213
173283
181048
173967
149808
138296
192559
172499
114696
134070
191214
154852
149444
105894
126284
125987
167233
191306
195954
101435
156382
137674
151966
190811
191843
170571
100242
136576
112198
111838
126281
109276
173774
116805
127582
180609
148048
165490
178756
108677
146779
161027
122880
157372
107045
169724
189244
111084
152111
162275
186755
153979
145562
148540
198363
172898
187996
109336
196958
170643
139177
196997
181623
125889
123695
168898
170598
180387
182441
173701
106533
151701
127555
159407
198559
121303
121855
143402
139562
104815
187326
173131
186886
109198
180572
131302
163273
171968
105010
131115
147256
102732
161595
196763
167420
146788
141597
169306
160703
196962
146812
174004
104463
139233
153178
132113
185382
135835
143492
170330
154685
173006
158396
115655
127081
191985
182887
156209
153745
164161
141779
165773
118234
114206
158870
145164
112311
153683
103196
187191
103127
117299
152933
155740
138548
138876
174717
151068
129808
178549
138069
140312
156407
124179
117054
140208
169057
187180
148501
197258
122233
136837
118326
134589
155817
188989
189320
149140
191778
104388
166369
177952
165764
103522
100942
124891
193292
120823
177866
102967
177617
150333
162814
105530
182263
146196
145103
159960
195185
161246
169574
174693
176525
106214
125280
168088
181850
131398
135542
112471
137157
179105
157811
130172
197507
112324
148553
198168
168434
119378
157593
133957
156301
118295
139925
113997
153369
103482
130627
175679
116791
162769
163682
150914
132343
149713
164596
102482
105433
180026
106831
137859
195038
130002
137055
107725
128434
133487
179299
149024
112426
119751
117365
106544
127331
186655
131506
106458
101325
199863
196926
154044
171661
115288
120229
160912
144289
199322
157315
146375
185088
123450
154596
153722
117433
163223
122150
120879
129984
125074
104862
158843
128851
170321
102524
184271
163948
115493
102383
169405
133601
193615
170699
109275
179642
190181
183068
131085
199196
179994
174695
148301
147823
164348
104658
195802
180149
145163
119359
157277
190980
141727
130942
144893
107070
106062
127546
193954
175765
131780
185868
133617
170231
157229
109795
120038
131173
162381
111210
170211
183711
162828
152643
157661
116324
141599
177358
114496
164641
129211
115356
150040
181124
155814
144918
193383
130580
149061
137540
130531
178646
151257
153631
187880
140789
165701
109499
175970
153812
102739
155192
148517
102400
179000
190506
174488
128004
187176
155194
141562
134912
132894
161137
162228
163259
147551
157362
187016
104715
193406
157866
175529
119540
173789
146005
160562
158749
152610
126201
164511
155006
153897
100298
172248
100071
178054
183435
199353
189697
157854
182439
163932
102287
111602
185025
176003
195630
196332
130148
141897
188613
184591
108867
173462
151043
176408
114730
167144
109788
189410
196567
157809
160368
189365
168236
171202
191425
182193
112530
188897
186003
113201
168179
174464
154936
109432
134485
116955
193512
128160
159886
195077
135556
161309
138367
136022
169734
186772
122439
172045
167716
165803
191637
186623
117270
143529
191228
146028
112303
166650
142679
139850
112270
134153
126290
160708
199760
177895
104057
134199
124247
180621
162733
144001
160411
195374
131421
193738
164071
114772
158935
191070
121713
170291
101969
166080
150553
190864
128818
182678
159102
154996
190227
163928
125070
132792
137095
159269
144308
132782
117319
178573
159283
192877
197311
100132
137446
148138
102352
131470
173343
190753
166603
171949
135076
156853
136817
109756
188442
161220
148002
199903
111968
150039
159748
168760
126882
185427
194506
121842
129221
120473
156025
189742
109006
159643
165620
180633
144372
150208
147919
185009
116887
169009
162595
168211
137881
128823
116425
128435
150596
103119
195603
171017
132355
125971
172913
112277
165249
129442
184574
162637
152965
157944
111138
196628
145444
103828
106175
155063
105515
186328
184147
111900
104449
101649
150174
108081
142048
168813
125827
165582
145664
156044
163989
135441
119051
194709
140479
199772
170177
120963
170273
140653
147155
129844
142683
122478
102106
138025
120654
184489
103511
108024
115802
121063
103402
119716
145260
119413
185221
168214
120532
176505
191376
175493
119242
142678
104437
159455
185737
133837
194289
126687
149208
116654
158130
156474
106629
181210
183536
108554
124615
113524
170819
135331
149020
177652
152466
141063
162171
124434
121087
149225
152770
180334
132919
103417
144135
144671
101600
180288
114811
107455
130781
102548
168343
146849
103449
190534
181005
146830
157160
188083
191015
113169
123354
192141
150053
150431
134456
112593
176889
188664
100638
160757
185956
186000
113071
105475
131013
177602
178546
134036
150965
150182
123577
159381
153050
148239
155316
122857
137891
125347
103145
133497
154218
192276
121952
164628
128545
170404
135931
187760
177271
176488
109371
192258
158432
122579
105707
132983
168324
149997
116747
145783
191326
199030
149173
138416
174834
171218
136430
101631
120768
186346
152343
142204
129396
195977
121513
167595
117427
167610
104408
115806
158622
116479
111519
152258
194479
103618
157812
126209
110666
183466
181261
176552
189746
108036
144585
159479
119272
124598
113618
177098
148134
132580
170398
151176
129392
192795
190143
195960
145833
190725
140587
192104
108243
189812
130229
104707
143229
145502
146580
106949
155651
193129
184253
192573
110833
116797
134261
122611
194202
141116
115141
159034
108226
196669
155983
118257
179319
144402
188763
173922
102163
183892
146123
156216
141891
193299
134794
194825
156139
199961
183092
155119
130765
124380
120338
179679
167921
172800
174056
173004
162218
191686
191145
162426
189932
181462
110392
144664
140597
175210
191064
121524
119666
187281
140556
179021
100809
111107
114092
167032
125030
166134
187353
129027
192766
119601
118774
164217
176962
140658
105828
105187
125189
147127
129310
105972
140464
171533
148893
157313
102013
131073
102872
157743
174678
192749
115623
104530
137931
165769
158634
118272
182449
187830
164780
187750
112319
157794
156036
183005
128888
100059
113683
190736
199993
126173
126970
196027
179701
132300
138996
129220
107868
138733
130223
115961
156985
140589
173849
167667
138810
108482
169116
199617
121625
113690
165857
195254
108604
157810
107157
106438
156799
186872
148739
147338
165191
183653
146320
108503
174927
191833
116351
106587
115516
155734
185661
107559
175745
162433
136053
170026
182701
190783
194596
119135
122495
169296
176046
127269
108197
149255
108938
177290
194480
136161
157548
191585
191723
176706
173515
177500
189874
132912
131314
142701
115342
110386
185086
199894
183250
168339
113808
179236
155462
104947
173504
129046
102424
126366
139385
176478
107902
162295
101698
100538
104525
190669
135834
127257
152367
185047
194568
166067
189044
183497
107331
194363
188959
189234
155908
169961
163077
166509
124114
117007
142627
187960
181142
120816
162302
177677
184232
184833
173275
173911
142399
188589
125406
157633
167503
120445
152181
112884
149429
136077
127532
154314
180172
101726
119631
183537
161483
162539
128446
163317
149030
182027
185424
107498
184450
102549
100360
182092
157128
156522
144579
168844
172650
124750
151014
109343
114060
166111
187235
133936
116226
153843
108957
179473
113983
146554
170135
100434
140069
113311
186612
165672
145897
192296
127669
158945
143238
148391
121451
127160
118827
140260
115277
194084
168924
114078
158921
154589
117190
101875
122056
199900
147729
156124
187169
191419
107336
130032
197446
100038
167433
103435
187349
145564
184899
165294
191769
135032
149059
120059
169176
167890
127461
128589
100374
118318
152884
185493
185873
174606
137731
133753
191539
176520
157121
160657
130965
144439
137814
172217
150473
123724
198222
196842
110454
108696
192714
101019
108951
136848
143218
129647
128817
146645
187256
150551
195316
119656
184413
137848
144899
190155
186833
122446
136683
125917
186576
185699
145839
182984
170835
160125
119502
155483
100792
173982
189819
160415
175729
140654
138885
139625
129479
162875
181528
126319
150642
196844
113863
133086
111307
176691
140264
118337
188867
125267
179244
167394
182064
116595
116675
106948
116609
139542
182709
106412
117050
115782
167076
161520
174154
146852
139946
150816
174745
166047
182232
172222
160440
119608
180709
123476
197551
187617
164107
126668
176844
102477
112973
134081
140648
167525
150610
169370
127399
104981
178374
122271
165992
166544
180305
195083
152689
138332
181737
191394
137072
153335
179269
164927
132252
119574
179422
154437
187500
184817
173208
137960
108722
145090
196249
186041
155460
195378
176297
184998
123611
193285
150775
178226
113978
123207
101373
190189
116959
124635
176879
133544
151451
123391
170076
116923
198847
166973
179456
190567
155200
181483
105325
124518
184435
163881
101793
177863
149891
183130
131200
125622
169617
175497
145553
185349
144632
184867
103899
166558
184064
191489
182150
163712
186037
193261
140084
140578
197645
105696
155126
165623
187643
135221
189422
126640
194319
177415
136335
112283
146618
120456
172867
169575
155299
130837
121885
106877
177471
116895
111549
131232
192719
106133
168128
103748
100381
108611
167534
189313
139923
197128
165130
110733
129324
111657
115834
157992
126444
194085
186130
101642
132852
184645
187247
113165
194390
154271
150926
123287
165058
190237
136485
194232
198356
144995
172612
160970
129663
123054
148790
143794
159268
143977
174955
137847
129201
138905
109025
151278
172012
108049
178363
199419
175298
158516
194437
106543
155342
116971
197937
164674
188672
172680
101386
137053
179112
180971
168873
149698
181104
107698
118106
130796
164080
160184
115657
113292
179763
174115
138953
194779
167289
146406
112622
144950
182294
128686
181441
109116
182816
114837
134697
197300
163719
176246
111315
128556
114309
168143
181841
182696
165239
111130
112632
143874
171034
102789
189252
130967
150562
195611
182601
110747
155159
101326
194026
176284
196583
186859
141081
160174
121261
119317
132948
175438
152283
190262
183211
141239
154270
174911
149934
153653
120735
176211
191475
100566
125295
144983
104231
194586
182828
107362
110582
158780
106142
109859
111725
139778
169411
165082
102011
120890
193061
131851
142943
143772
172585
196321
161108
178957
163788
138588
103370
128519
133960
106406
135991
198997
192437
190543
147078
136537
191360
151253
164273
124377
185351
166880
116976
147130
184281
142996
199623
118313
151201
101241
139074
114989
122082
188522
199941
139276
198494
145276
104405
124173
179405
130173
120068
102338
110040
112708
167311
199522
176105
127098
129824
141225
113831
152098
149488
132727
144953
157757
186839
166339
146637
196088
110434
166579
190583
160388
113542
145191
193653
115014
194310
158812
183571
127984
125135
137617
177984
161196
141725
129535
167059
172589
116007
127210
160732
187366
107738
136642
134399
112047
196083
108943
158006
128967
118443
120272
112996
109493
118822
148390
136102
138324
133710
167728
113553
142824
149512
123568
107410
176676
178358
181285
180928
157702
171789
130625
171168
177816
182596
187615
191932
199679
199509
166444
174081
108381
158881
191407
118722
105719
172202
159687
156401
184308
143312
106162
172937
161866
100639
154544
105367
173697
120894
155723
184457
188844
112778
175769
120955
134521
118707
130822
174525
195636
186224
139627
145505
162412
165998
124864
114216
143470
137238
153288
143944
142933
179596
153386
111927
150641
160612
167853
160975
194003
171180
193718
147949
189895
151940
188535
118338
141367
113391
157208
101991
115570
149018
179153
134730
156934
149207
126683
120312
107487
182059
127814
133228
104329
195778
188501
164788
152003
109366
162478
138547
154094
127599
186736
185466
152128
149630
138579
110498
117153
196927
127992
136812
166874
187745
177705
195999
127736
124811
181972
109656
100257
157263
199526
140246
141579
185402
143812
182499
121853
169037
166497
143653
175477
127264
154513
121982
129051
132316
123898
140475
199952
131439
152655
172150
114173
105276
184110
163941
137728
160407
128665
160710
109848
110514
132990
170700
169900
139561
101703
171894
114662
155500
182581
165735
162565
100830
175215
157665
133684
187663
154133
125747
130228
190789
147284
133272
125010
189771
151019
144102
124636
133858
193766
197142
123890
187900
116589
181523
147292
129539
155712
147282
166070
143282
194737
183874
113745
148584
143425
138715
193176
173832
110089
128768
124379
116411
133770
111891
115711
138134
118564
129644
161753
130297
126867
129702
132376
100088
114070
153586
179580
160780
166812
138712
122741
198927
121891
192841
106844
108403
107144
189089
171899
151245
184601
182665
119313
154046
197951
121115
197108
146155
148919
166442
138536
139362
121789
190428
111451
108949
115326
159904
140407
126908
135747
132887
174977
186489
153200
196329
189642
153156
113173
109624
133642
162932
170790
182579
174751
139768
150032
158788
176302
175067
181047
173720
163415
185305
158331
100120
116916
189107
169199
100007
171783
132285
185626
145922
141702
169061
190183
124346
156035
184185
188921
156189
137033
194681
133242
179247
171871
107432
152939
188929
109327
186401
103266
120991
100842
167172
127445
156606
113995
135756
180381
158330
161428
168550
125160
123594
188404
146471
160982
107988
115581
122272
134852
128788
119164
197349
165634
197921
131227
153350
149039
184104
124248
187395
178742
156074
119096
100900
155422
155229
175265
155910
153019
121649
142444
123772
172022
183913
163174
165438
145172
186480
193672
185228
143763
192172
119037
115056
177182
154090
107478
164553
190448
168116
103789
163373
131913
137268
189849
164683
150390
162986
172533
186851
104149
174680
140781
126215
115398
177328
139795
135795
106174
152452
151897
188104
145055
142858
170106
116775
194415
107133
124799
131254
122821
146381
127812
174028
174907
173838
183295
132250
182536
128978
182280
124195
117537
165858
107012
150583
150699
137988
165574
107306
129092
143562
108231
123951
124096
135984
183313
136306
151609
156218
117845
172744
121950
114525
179356
171087
168744
104836
127877
170068
148716
184662
199595
130306
189336
178082
122486
187805
180174
182846
153893
134102
136543
196876
172206
168102
177519
102513
110030
166085
130188
128341
190374
166483
147647
186269
151597
152360
134463
115112
194383
119831
136025
128369
184260
154113
162237
174880
103619
183308
161854
113903
196022
125577
163346
136571
169609
185381
181025
142419
115322
138744
168238
130293
125635
182754
100598
128310
142574
136505
172313
189471
117467
106233
179911
181199
195480
128138
144860
113930
112496
102904
187215
174190
112229
163735
199537
157547
150251
169075
178723
105879
152293
107602
141660
121097
133021
114569
110324
166653
114062
191739
166493
157391
164995
164136
164551
103416
189173
178526
103090
161274
134743
129765
170289
103579
140196
183842
197769
163438
131103
198672
162679
174063
132944
193711
196417
111957
104193
159505
102645
181633
186321
182961
145364
104817
191747
161797
159015
124305
142270
102579
127356
180222
118330
156781
182203
178196
153518
140890
190655
189090
117336
109979
135107
117208
191760
101143
125887
194680
171444
162753
121556
100788
187702
197841
152454
163686
174609
131132
165516
199994
161216
159524
105013
179037
138480
161788
155260
173348
139585
193167
178615
168281
191782
141071
148199
133505
173354
127474
197287
134550
150835
109906
188581
133331
192856
106569
146934
198320
113934
166647
134964
188722
198920
183091
124909
122250
164932
124797
141323
149357
151928
133755
196691
185247
132738
117243
199582
185578
185366
172899
173593
102435
150338
142202
151226
133841
129411
133506
160602
156872
119636
151868
109398
125146
102451
121877
140179
104126
101330
121054
171761
130600
180837
124712
167383
145496
105446
196598
181741
118632
177635
143826
129831
187086
175817
164112
104301
105266
158659
183933
168826
156914
175349
171752
156249
178777
164748
131919
125759
144528
149354
167345
178748
183031
171485
117582
120425
198807
106075
164571
113570
124403
115422
145402
126443
163575
114155
151976
172576
142624
188621
135667
107668
138666
122050
189738
181968
196889
195443
181220
167353
180935
163966
180485
113388
175357
128825
114359
182160
115235
101153
174149
184475
109304
199571
197244
122593
126126
162398
165964
194168
179295
178027
120472
190056
129834
106633
169004
136897
187241
104768
137019
174049
173533
132381
158194
168997
149244
110828
180477
160237
190065
132523
184816
183516
158558
103195
167156
106014
171091
101636
162074
153169
118980
138408
168939
135189
157166
181888
189820
175387
118373
160212
164126
148247
197818
121295
147426
141775
159326
155616
146607
173903
104407
130496
142695
185235
165022
111766
179609
183026
190386
112357
127202
107741
117663
103498
198453
145812
158068
140618
127172
160461
101546
109293
198743
157317
184804
169636
135639
144833
142355
154534
166035
100916
136492
144173
183359
161547
163185
175434
180929
100975
180544
181685
133970
149088
177384
168551
199299
122100
148190
112827
135418
124312
193439
169962
159049
129177
141792
191586
162670
133715
146533
118896
107648
134559
163911
188761
125374
152016
197846
137060
119493
184834
158282
137083
155465
150579
199726
135794
185111
164828
127876
166474
193149
156001
199137
107436
119325
126391
129166
123302
123456
174178
152586
149831
168108
180365
196914
156846
187360
199516
153924
135435
182963
129446
168104
158305
112226
139189
167916
168545
157578
127627
184549
168441
178767
173378
137520
167557
191137
156589
176896
175569
193400
108110
147475
137086
173441
102522
184883
121955
153271
187291
144106
176194
178132
194645
100211
180807
194720
178555
151610
120723
180177
122142
193151
108981
120297
133012
126874
165362
152930
179528
155964
105335
128459
192762
148424
164770
155544
191470
160730
124285
113605
191383
161057
178704
196959
134784
179769
144878
165911
186160
105283
105462
140860
156788
104093
105869
142338
107059
163764
170419
124441
196055
144975
115500
149107
124418
175749
138825
180757
190779
135810
124457
120410
141105
170173
155303
143442
113186
185749
153932
125742
164338
139479
102056
160828
100283
113739
144647
128391
172375
146694
175628
169291
101719
132312
110438
102551
162967
120159
112905
143267
114056
162494
178844
137416
197814
143235
136281
197734
125332
181335
104343
111809
148478
126652
111508
165338
155950
163478
174252
152277
163081
139071
173742
105963
143739
117034
102543
191897
186196
156260
135805
129347
136162
134139
172596
178360
156626
110513
178965
193772
171201
147686
148218
121610
163326
196654
152400
129327
158544
124050
163701
191384
176751
188962
108216
180986
187271
165568
123373
189741
165767
140391
195964
190844
178598
185095
137965
101348
155622
121111
131174
165840
193320
183721
193521
116283
154989
159639
146898
167428
170094
105110
106554
195847
120803
192709
185270
137546
159228
167592
123358
105663
127853
178300
170217
172725
149335
133263
186077
167081
142614
101468
151468
137269
123036
137382
171967
183500
122547
170999
105788
102545
183327
126266
107286
102057
171458
148990
167270
168158
128473
130944
113958
144446
193991
103223
172095
166066
133417
193225
134539
190664
103880
198879
198821
151376
113064
110151
104335
133223
179298
177414
199195
160307
187021
150996
137465
167323
148267
131511
178755
190610
109484
113756
151101
161505
181683
157968
109435
180782
167387
181040
196775
187181
154728
144481
114469
151409
188376
146206
129634
175940
178515
147255
140276
109292
194817
188419
176278
116186
161447
190703
196508
160667
170401
117405
195924
101959
124241
113829
167918
180483
197950
160418
121563
129874
126868
173991
135238
170917
108356
109122
103975
156702
168918
169468
126027
198053
109966
193435
102714
145634
103197
118563
137925
196615
164421
126167
132793
150855
120136
135434
103361
173566
144141
117293
118247
196999
183708
137373
127222
118394
106314
116159
105094
150695
118958
145570
191065
177247
187324
151302
171940
166771
107319
135641
109146
126406
135712
132291
161784
152082
186538
112250
152878
153318
195869
166076
137943
131208
166704
100921
162581
124318
163643
129795
138447
109890
115787
148638
189965
133781
141158
184665
114273
137283
171461
162154
121398
138653
141078
108990
114138
157775
118288
186656
194136
151155
195989
139671
159389
100112
123642
187711
104677
143796
136666
118665
119105
182806
120191
146802
120411
135301
178995
104621
169498
134613
138260
180064
153349
109942
197289
180226
132013
176065
166518
152729
181002
109775
192668
180957
135019
109840
111969
119854
148220
133945
171864
196621
190188
140085
175395
195992
115742
172727
140308
127077
139656
163669
111784
152713
163957
184681
167947
137669
121925
103161
192528
184098
188031
154497
187022
101899
176886
173916
122822
105840
189776
192819
157354
120431
175268
171262
104340
198654
189789
106240
130554
119481
198249
197957
123654
111702
135486
196707
190852
179042
104760
115490
175085
138710
121769
113095
125381
108513
154146
194503
189672
115181
128078
196248
168383
179209
162371
160867
155489
159865
137926
138621
198170
112134
158939
103930
105986
176721
169218
142833
116699
142639
154016
199988
155848
131009
102124
193244
175274
128395
189460
174734
141928
120327
117092
168103
161613
160644
193215
135904
160628
162299
151548
168596
177059
166037
158587
136913
101334
152306
140820
142166
165989
160588
142453
190308
182501
155944
129498
122998
152348
108327
179474
199138
193870
165275
160924
198508
195761
194177
102621
113880
178347
182674
125277
109087
153136
153916
184955
132387
128740
179391
128413
164678
103187
164375
199558
115461
109675
194097
145473
157200
118412
143473
182402
153600
116199
108148
169388
143884
146053
141851
115447
160782
117928
162084
159853
115494
103384
124776
199412
177227
190638
131611
195084
129615
112108
135999
114912
161717
150942
102884
198073
110812
159664
134063
104482
155657
137187
196102
153830
130106
126491
190396
125054
197892
111329
152197
125867
144256
119753
158122
159366
191909
155123
131586
135131
196340
169270
149514
135175
198059
194258
155783
111924
149585
175615
191183
103286
129463
175894
194863
189156
124977
147611
172458
124157
195078
119030
126042
109904
198873
188628
165071
120249
152351
168768
197060
111908
143303
115598
176480
111956
116232
101384
107614
164823
188784
156907
112458
103320
198467
145715
188924
184187
192858
124742
181374
167607
188491
153433
145808
188901
198816
187323
164243
156818
159632
154085
176307
135512
132789
128016
145075
108976
125117
186592
158739
171206
199124
114328
185200
193382
128258
137527
189630
175122
114942
151099
166297
145971
140601
142674
156986
174716
186742
161821
155997
147222
189646
170520
156723
126557
195330
122802
105662
187032
127187
194179
158626
126494
179148
103668
147189
131516
135953
110506
112985
118392
197967
144517
123486
134475
112754
145532
168150
129902
133354
197700
109209
128383
181777
186012
152546
169646
173400
132655
146325
182527
144419
114226
113194
192792
141747
138517
119283
165502
117141
168797
113358
159331
157103
133926
164437
168593
126101
109162
154043
164305
127245
102673
188819
189213
125970
167630
192868
100511
117215
158389
140774
151502
147575
179902
128279
113493
161461
144011
193183
112567
135915
181588
141447
142114
185622
146771
187570
152067
147033
149694
179959
173989
153303
179144
197622
166168
167992
110083
199653
185283
168750
194812
144403
178581
131335
191807
113434
156707
154808
181072
137437
142901
167088
109486
142875
109036
137724
139886
181675
139805
162373
196315
114613
196533
120316
112005
147331
113102
127201
122635
115003
173470
195244
149603
129490
197908
116340
189778
116471
125576
171267
192499
120564
132650
176693
146134
175554
182331
169784
158830
184095
182272
197865
120604
142915
134621
145761
172227
142988
133672
103430
131481
179501
104796
161024
126016
141137
127562
150276
174405
126775
162810
179400
152705
122496
186222
115486
112180
186457
195029
167317
102188
137002
119729
118461
133066
172231
194125
178282
172468
156775
193039
146786
193617
128837
159090
100329
165944
181663
125708
138346
187047
137190
187250
170499
107713
131810
150267
136707
175879
133185
136606
171300
138929
191216
149849
186731
131801
176369
166654
151822
116081
132721
116380
124754
141199
118115
190977
151280
164825
186446
150131
196932
107492
191524
154348
159406
125755
195569
118263
118191
138279
169435
104495
175199
135017
182258
144208
104454
124510
165706
160021
154170
104842
197840
100786
185287
135453
179346
177127
187225
134824
186861
133572
187610
139698
117828
117906
106558
161653
103483
168398
190130
149741
185849
139110
176388
149868
185766
121888
103222
117914
105322
168003
160241
195835
164985
197448
118841
185053
133696
184578
126523
193257
172299
179032
189705
113668
155245
169236
161824
197298
198289
153367
195622
170462
121548
184011
153786
151656
105533
154986
173560
104120
185347
176782
103392
169712
159300
190154
107808
135510
142866
142482
181147
162888
164521
112940
193985
107552
159446
170858
128528
167218
192655
166427
117154
169114
105540
187894
198606
115471
139995
122178
159851
165443
188105
140460
175093
149351
179979
183860
131502
139112
118689
109091
178873
108589
100742
167290
192424
162867
148208
114765
111820
101263
185205
184878
123246
146914
182296
182827
196084
116192
118590
118968
153711
135798
164516
134071
150801
172761
137438
155493
165973
102678
159673
111353
169794
182853
161637
145151
130558
115240
139474
197205
126588
100203
106302
171484
183505
176394
101650
194743
165453
110241
141072
144143
163294
120848
197534
161465
182503
100137
154138
121941
124090
159547
190068
193769
111791
160677
101201
195663
129990
111727
166098
149718
151034
109910
183129
162719
195690
191295
177426
109632
134284
194873
171835
172544
117454
138833
173351
118490
113171
184811
145693
198705
143822
133103
103296
172901
192195
141242
136197
196645
198166
106859
181172
152034
110578
157648
122175
175412
135159
196342
137818
152312
140163
168575
111343
191698
117567
105105
174381
156999
115845
153788
172700
135385
161456
152142
141420
121620
126541
135089
105458
156680
122586
185558
167536
163557
143902
112658
157605
148812
118251
182956
115116
129997
127047
195186
122901
180802
160642
122694
113974
128114
142905
188216
167466
153158
155786
193743
142064
175914
114529
167364
148874
121811
102919
116089
137829
126700
176518
198591
192059
179237
145985
154096
168581
187257
109958
113252
186957
125997
106179
193501
160745
198579
150587
121732
105704
181652
100119
199156
198390
105721
154522
126459
134734
100915
107392
124501
184680
136317
182563
168806
153492
162515
104059
107046
176939
115813
185909
163969
102900
155355
124389
153374
148831
134527
109449
167899
141443
116811
128593
122827
151365
194934
131307
183578
156398
196052
124948
173394
183197
176726
145614
164715
136028
195435
149525
164585
108077
198787
101051
199886
144296
133370
113094
168603
120626
133330
135734
173161
194412
131837
169588
116592
145925
173436
125705
166072
118521
157821
186379
152714
105136
187887
136032
116256
120670
149471
167978
172579
103113
195738
141179
195025
183198
178500
166785
151475
193876
145333
151159
107921
143890
165787
198669
181307
107975
136871
133740
189210
125926
167831
138196
111498
110314
171448
162382
107339
136355
136594
161076
106475
137570
164655
168673
158309
185379
197384
130276
131931
145725
115801
186874
166125
121075
140992
191411
170148
145895
197890
184561
137026
198500
136992
181582
186627
191124
109362
119476
152303
145080
153232
188702
128179
157260
140735
163118
133476
131821
195704
124627
145544
196880
100847
130003
170437
187429
116475
114455
106973
104468
129155
190142
178697
170818
140509
171916
133195
155059
129941
173987
114039
121590
195013
179753
157689
159412
191948
163671
111990
167343
180697
157539
108195
103736
153435
154067
144202
188831
100983
172426
176529
175253
176885
117816
159806
121399
101308
105508
103046
192648
176957
178029
184274
169787
145129
104566
152376
123689
188187
111139
139675
153795
145457
103399
163482
186216
195079
151960
131992
157774
124455
114284
131667
118843
187916
162603
147857
119157
174102
134291
110646
112249
103382
193053
125197
180041
113482
118906
183905
195512
173320
134004
111250
133025
116246
106237
147132
135022
128479
129661
140434
144863
133074
141222
149056
156424
197314
153161
142111
186610
128205
100694
124908
165198
145557
112937
104863
151601
149230
108286
150004
113249
128240
125535
119584
174543
129055
114810
150252
134215
186255
139931
137142
186832
115465
145388
132210
135398
192058
106879
158791
134343
138454
195320
184455
195147
103034
155957
140169
196930
179065
168454
127337
104869
163585
178420
122287
126680
180570
177527
180897
100603
130766
173532
132836
145352
196279
182112
105979
104222
108885
189424
165004
195243
173836
194943
100993
199133
124858
188396
149040
183617
136552
115622
157123
195951
174127
140024
115134
190249
170374
136938
161493
149435
168683
156602
121038
199987
197920
183345
116880
151373
178081
187031
188900
119097
149491
140759
197334
194266
108541
107924
144424
166803
192165
138533
149957
150577
122958
133087
136967
118961
146512
196092
145982
197324
151997
157336
171161
195335
153223
177462
152544
114956
110901
163061
194924
174281
181354
153972
141318
193377
158992
158729
178177
104686
123279
151064
146272
102887
144742
128487
160817
124342
119458
155101
141505
125868
164773
189822
157426
112372
185313
197232
183188
136982
188845
147880
191815
186157
167787
111022
135239
167673
193916
170729
154641
143621
136922
137366
120387
190935
153308
122864
136468
188899
124926
183128
102481
100295
195415
129459
132385
130727
154487
134959
128531
109764
115099
162553
100230
138649
109823
188991
128855
134054
168646
116632
165105
195126
158457
139589
170237
147825
198018
178464
112857
115041
194297
114738
127437
158506
179804
139232
183377
158163
145654
118633
185161
155688
102291
134068
163707
101090
123929
155511
197918
166927
103942
190585
151981
145746
126025
117362
167548
157485
137249
155720
155590
190780
103306
160959
136772
171688
129505
106084
107962
103441
189056
170447
108246
162713
111818
144058
190721
159296
147798
172953
155558
134815
149312
156516
120390
179967
194607
157823
198957
151342
157886
190226
184085
115451
118595
198933
173770
153345
132338
131105
164606
132494
117343
170826
147592
137140
148099
176836
117238
185046
108409
187487
191001
104043
152304
117651
190020
186837
119987
174561
124800
194984
148321
183779
186399
166366
136175
112497
196672
134379
100995
197676
131814
110347
104087
103005
112970
138769
185864
175333
150613
193390
108013
142953
100778
157473
178354
105334
103148
132402
148096
197505
190458
182906
113250
168752
101678
152477
183597
140661
139646
155479
147827
157708
148840
170284
174377
117179
174649
126623
103341
128913
118916
108838
124545
106697
128173
157580
192866
112295
127121
130835
148101
111880
169728
190998
178917
169295
183783
187584
103808
115361
183557
147716
130897
182651
163556
176245
137521
144113
185830
118721
146523
147583
127659
119734
162468
105082
123443
105980
109125
187236
194011
179025
175975
117701
180839
151375
109745
142867
153633
119868
141711
193056
191571
164043
126940
197817
142307
146872
128690
150744
191140
146160
141625
121841
122705
136868
171454
195405
127652
199889
184179
173891
193193
164381
112440
110124
109498
116799
142086
181452
117916
118451
105099
133533
113544
191041
164432
198789
197619
164138
194253
190253
153545
166510
114968
116554
175799
151661
127094
165088
192696
199230
123698
196829
183825
189775
158944
142703
112068
147767
106029
187350
152287
132875
135967
117534
172145
188292
126381
163500
195745
140413
119992
152995
151919
157530
151330
127593
135392
115144
198242
101157
183049
183019
111627
191036
161472
179504
128443
123289
174541
182407
157758
143720
143687
190295
128317
163120
190771
160260
100871
133340
140485
166591
144924
155606
198424
180351
164001
173710
127784
172730
184054
186491
108872
125022
108558
102234
165576
151235
177082
159670
100050
188445
133923
102404
176958
146894
196784
104016
184753
173840
150398
183460
179084
197484
158011
115207
177350
117827
186596
121179
104608
133538
138340
121230
160549
141623
151359
128711
146685
122022
132900
122835
151508
140604
111899
125695
126253
143035
136597
148970
153806
195522
157662
140729
132287
166173
170967
123438
149695
150913
151025
111465
151047
186488
191989
194774
194359
118881
100620
120161
163375
157377
151611
165454
106058
101723
128035
184844
191176
178690
187078
115645
117680
184510
159196
159192
138500
185186
179230
104013
100856
106966
168264
188585
110209
181019
190051
143400
170918
197479
183260
129607
150345
155069
124659
133351
197045
198923
109351
143151
143924
133319
122640
154112
104077
194971
120895
189265
154849
152833
123192
155901
169168
129547
196176
199930
172047
139159
136757
109430
193409
136325
195905
136429
190217
122965
167287
180828
131787
168101
159526
162731
128420
151124
173619
102381
153241
141219
156973
128990
170860
189451
141507
161985
180067
174045
103497
149935
163137
186020
158490
182313
198309
144615
100036
142572
162400
178611
162715
171279
138463
149433
193118
133969
126787
150757
159590
192860
136644
111543
113432
188055
114112
146524
154077
181982
181263
161073
142950
189989
176169
136379
126232
117256
198220
107032
184328
133124
196878
168129
157569
117342
168966
130885
156619
179913
162255
153506
156919
172114
126330
133682
165134
115766
185090
104286
171737
168057
142958
177448
105727
121861
131112
191681
176126
185682
173494
189315
190644
193003
189465
117206
159556
199151
164837
126529
124925
193809
111763
113876
153516
192533
138016
123149
102503
195592
100887
168845
178320
134686
178011
146315
121631
128224
181929
156323
160749
151234
137342
180966
107180
119603
100563
196989
170200
106189
170535
102110
109699
120396
135864
140040
185327
185179
169141
110783
136798
125706
134728
136911
140014
195733
114693
191715
148497
143736
180595
152591
167759
150224
102382
160537
104032
124354
100328
167149
124436
134280
159578
185471
167065
167100
160314
147999
119840
164686
175694
173397
167881
118638
102914
175695
192142
167680
105306
165002
196774
141910
144657
141181
183981
198526
161350
155387
150995
105349
156575
188098
137068
106219
105372
119017
191215
154088
138087
111414
158707
109172
132947
162451
133894
148381
114848
149889
143650
198570
102263
123088
150126
121871
134541
152204
198398
189041
131654
140254
141024
109684
175403
193964
168329
104209
153089
186496
174427
107246
189674
137457
164795
199698
174578
111677
142150
135165
101363
188007
179424
187984
174286
107310
105899
144132
130536
165163
129527
123435
140115
126509
176728
161480
122061
171401
176534
146776
142132
149371
197541
122660
199895
142719
123790
188916
174605
119148
109450
112711
141517
108971
176141
145962
190609
164006
159749
136416
103093
185810
118787
172063
134565
183280
108490
146057
112678
170372
150520
163945
124141
158876
185236
145061
101220
183218
131582
127031
140248
117209
125331
148551
163763
182677
164680
139049
116886
105091
143858
171958
132521
112744
103053
188324
123182
119152
115564
131215
126690
119761
126811
155015
160124
192745
120843
197012
164130
146588
145316
175607
186901
108683
166101
105771
183457
131435
160902
100267
159905
187355
190621
197775
141405
186778
197632
120863
113867
166163
171687
136048
140416
181943
121920
151287
176205
180690
131245
174978
153249
181738
188285
184171
172113
166879
196616
153950
158079
138591
116491
157859
182891
135446
193150
125429
190518
193361
168287
104918
131589
105967
152827
156169
174150
125265
139443
194036
165820
111066
171455
180816
103408
128334
177150
120834
102990
180982
193947
150703
103872
188754
199538
156011
196196
145281
132326
131318
116409
125009
169858
146146
113865
144019
159351
132820
185261
121645
166120
153990
184366
107447
101621
112297
118972
174250
155883
132669
199301
136242
167178
181835
166697
185793
113296
154378
121924
163711
122733
145543
182017
195717
157751
190950
120568
172732
166231
166635
163377
146477
152225
177431
136350
152693
169326
161071
171383
139038
123328
127718
158724
136755
101098
193821
182301
175094
156101
188296
106221
118528
132179
132451
144432
153995
107834
199924
170740
136362
116732
125179
157764
175971
124462
102693
118870
168321
161281
136068
125361
106386
117441
169513
132530
101850
132565
151828
170870
164290
114626
112353
157693
145118
113005
160155
143371
124930
199866
114319
194869
169059
116193
147928
199513
188851
107073
195672
121916
125483
130186
125192
114414
117017
107661
113503
118298
162801
114047
152958
181431
130943
161757
108813
167772
128863
102722
193381
171776
158292
131447
107215
112553
120527
151221
127407
151520
179440
112038
149343
156937
174779
106339
102261
119552
177859
164175
171762
102017
158147
108933
120592
172998
182185
110474
175383
148430
197412
114606
176060
170059
121517
171775
158766
159715
148281
178647
191017
155397
166237
156663
101208
103788
123319
128231
167848
114797
164389
165051
150200
189716
174262
182883
159693
148737
127699
144298
130601
125536
101360
111440
182165
195093
190313
198547
177533
175216
133886
132711
148320
107109
171301
121099
104873
189524
108997
182198
115064
158300
106744
118558
144955
178223
105809
167451
153432
178451
158347
138978
150408
185865
176261
181856
173973
163325
102838
184579
130509
186891
149939
106153
100594
131671
196030
157527
197965
136158
138675
134189
108624
139853
193503
107917
108701
184060
137644
137656
166393
192838
101966
126347
162232
124470
144852
169475
181127
182652
159387
103856
102210
199465
144755
142752
155418
105353
103401
144283
103958
194925
111394
193573
118021
152298
165928
112673
127882
176994
144780
132534
148690
158353
143873
174213
177433
173745
184428
127709
107254
170481
170434
195031
180822
176981
113023
148243
149535
155347
154479
115309
108927
105207
194254
192383
186932
179375
187039
158867
182585
144297
186544
180612
131548
146827
175321
112648
148004
102608
124317
171138
168199
113632
133499
177618
121433
141254
120367
125421
153242
191194
147273
146867
102304
196603
188298
184116
192778
136908
113385
116042
106342
164321
157094
168733
150445
125341
140461
131224
132883
120263
141019
198333
193744
168257
170201
194409
154695
135900
191488
158834
121070
163211
111252
139616
178554
185543
116405
119471
113115
143691
184535
156847
125629
131726
135624
155611
110753
154178
183651
123684
170113
164257
147151
150170
143945
126168
193469
101923
178469
128577
155927
100825
108944
143512
199767
185495
151150
154556
196048
180360
135808
141650
191519
151353
139762
167868
185346
148128
116509
160637
147318
177087
120157
180327
160949
154290
197428
118260
123162
116091
193295
135285
139481
154189
197976
104048
188836
189109
129228
130271
152762
137514
181650
176763
112105
117082
146004
195982
177482
178763
194352
183098
172750
144588
145680
160384
193316
100661
112690
100764
172875
177793
176503
127624
139440
151094
120257
159606
101215
147412
172723
105686
148523
118639
138704
145754
126343
126241
156527
150696
192173
119826
111351
121055
141941
110114
179783
124587
146108
130734
114546
137413
131887
199529
154289
179326
174497
179890
109923
188658
143480
179162
135125
119757
195793
141765
103869
178075
149195
119950
134971
162662
115613
119019
163169
101340
109514
154179
120849
174082
177735
106978
123485
160569
155936
157371
173918
194834
124072
185485
185866
187633
111337
190759
156883
145206
172218
170041
121413
103978
140172
159646
100941
106109
190719
147061
172542
173679
140055
108075
143898
161856
135962
123460
178085
185013
196963
178624
133436
124485
178539
161730
140826
195409
169850
158709
101480
152525
106201
137148
115046
105007
142684
165351
163011
154245
182635
167494
120773
187802
179038
169344
101254
189751
